0,226
0,224
0,223
39,4
39,3
39,2
0,222
39,1
39,0
0,221
0,220
0,219
0,217
0,216
38,3
38,2
0,215
38,1
38,0
0,214
0,212
0,211
37,4
37,3
37,2
0,2
0,210
37,1
37,0
0,319
0,208
0,318
0,207
36,5
36,4
36,3
36,2
0,317
0,206
36,1
36,0
14,6
14,2
14,0
0,310
35,5
35,4
35,3
35,2
35,1
35,0
0,305
34,3
34,2
0,303
34,1
34,0
0,300
33,4
33,3
33,2
33,1
33,0
32,4
32,3
32,2
32,1
32,0
14,5
14,1
14,4
31,13
31,12
31,11
31,10
31,9
31,8
31,7
31,6
31,5
31,4
31,3
31,2
31,1
31,0
0,287
30,13
30,12
30,11
30,10
30,9
30,8
30,7
30,6
30,5
30,4
30,3
30,2
30,1
30,0
0,316
0,282
29,5
29,4
29,3
29,2
0,281
29,1
29,0
0,279
0,277
28,5
28,4
28,3
28,2
0,274
28,1
28,0
0,311
0,202
0,309
27,4
27,3
27,2
0,307
27,1
27,0
0,199
0,304
0,198
0,302
0,301
0,299
0,298
26,4
26,3
26,2
0,297
26,1
26,0
0,295
0,294
0,273
0,270
25,5
25,4
25,3
25,2
0,293
25,1
25,0
0,291
0,290
24,4
24,3
24,2
0,289
24,1
24,0
0,288
0,286
14,3
0,285
13,3
0,272
0,271
23,4
23,3
23,2
0,12
0,11
0,275
0,276
0,10
0,9
0,284
0,8
23,1
23,0
0,7
3,3
0,51
10,313
0,546
0,243
10,312
10,311
0,545
10,310
0,544
10,309
10,308
0,543
10,307
0,542
10,306
10,305
0,541
11,29
10,304
0,540
10,303
0,539
10,302
8,18
10,301
0,538
10,300
0,537
10,299
0,536
10,298
10,297
0,535
10,296
0,534
10,295
10,294
0,533
10,293
11,28
0,532
10,292
10,291
0,531
10,290
0,530
10,289
10,288
0,529
10,287
0,528
10,286
10,285
0,527
